  0  0  0  0  0  0  0  0  1  0   0
  2  0  0  0  0  0  0  0 -1  2   0
  3  0  0  0  0  0  0  0  1  3   2
  4  0  0  0  0  0  0  0 -1  4   4
  2  2  0  0  0  0  0  0  1  4   0
  5  0  0  0  0  0  0  0  1  5   5
  3  2  0  0  0  0  0  0 -1  5   2
  6  0  0  0  0  0  0  0 -1  6   9
  4  2  0  0  0  0  0  0  1  6   4
  3  3  0  0  0  0  0  0  1  6   9
  2  2  2  0  0  0  0  0 -1  6   0
  7  0  0  0  0  0  0  0  1  7  11
  5  2  0  0  0  0  0  0 -1  7   5
  4  3  0  0  0  0  0  0 -1  7  14
  3  2  2  0  0  0  0  0  1  7   2
  8  0  0  0  0  0  0  0 -1  8  18
  6  2  0  0  0  0  0  0  1  8   9
  5  3  0  0  0  0  0  0  1  8  17
  4  4  0  0  0  0  0  0  1  8  21
  4  2  2  0  0  0  0  0 -1  8   4
  3  3  2  0  0  0  0  0 -1  8   9
  2  2  2  2  0  0  0  0  1  8   0
  9  0  0  0  0  0  0  0  1  9  22
  7  2  0  0  0  0  0  0 -1  9  11
  6  3  0  0  0  0  0  0 -1  9  28
  5  4  0  0  0  0  0  0 -1  9  26
  5  2  2  0  0  0  0  0  1  9   5
  4  3  2  0  0  0  0  0  1  9  14
  3  3  3  0  0  0  0  0  1  9  28
  3  2  2  2  0  0  0  0 -1  9   2
 10  0  0  0  0  0  0  0 -1 10  34
  8  2  0  0  0  0  0  0  1 10  18
  7  3  0  0  0  0  0  0  1 10  32
  6  4  0  0  0  0  0  0  1 10  40
  5  5  0  0  0  0  0  0  1 10  34
  6  2  2  0  0  0  0  0 -1 10   9
  5  3  2  0  0  0  0  0 -1 10  17
  4  4  2  0  0  0  0  0 -1 10  21
  4  3  3  0  0  0  0  0 -1 10  40
  4  2  2  2  0  0  0  0  1 10   4
  3  3  2  2  0  0  0  0  1 10   9
  2  2  2  2  2  0  0  0 -1 10   0
 11  0  0  0  0  0  0  0  1 11  42
  9  2  0  0  0  0  0  0 -1 11  22
  8  3  0  0  0  0  0  0 -1 11  51
  7  4  0  0  0  0  0  0 -1 11  47
  6  5  0  0  0  0  0  0 -1 11  50
  7  2  2  0  0  0  0  0  1 11  11
  6  3  2  0  0  0  0  0  1 11  28
  5  4  2  0  0  0  0  0  1 11  26
  5  3  3  0  0  0  0  0  1 11  50
  4  4  3  0  0  0  0  0  1 11  55
  5  2  2  2  0  0  0  0 -1 11   5
  4  3  2  2  0  0  0  0 -1 11  14
  3  3  3  2  0  0  0  0 -1 11  28
  3  2  2  2  2  0  0  0  1 11   2
 12  0  0  0  0  0  0  0 -1 12  61
 10  2  0  0  0  0  0  0  1 12  34
  9  3  0  0  0  0  0  0  1 12  58
  8  4  0  0  0  0  0  0  1 12  71
  7  5  0  0  0  0  0  0  1 12  60
  6  6  0  0  0  0  0  0  1 12  73
  8  2  2  0  0  0  0  0 -1 12  18
  7  3  2  0  0  0  0  0 -1 12  32
  6  4  2  0  0  0  0  0 -1 12  40
  5  5  2  0  0  0  0  0 -1 12  34
  6  3  3  0  0  0  0  0 -1 12  73
  5  4  3  0  0  0  0  0 -1 12  70
  4  4  4  0  0  0  0  0 -1 12  76
  6  2  2  2  0  0  0  0  1 12   9
  5  3  2  2  0  0  0  0  1 12  17
  4  4  2  2  0  0  0  0  1 12  21
  4  3  3  2  0  0  0  0  1 12  40
  3  3  3  3  0  0  0  0  1 12  73
  4  2  2  2  2  0  0  0 -1 12   4
  3  3  2  2  2  0  0  0 -1 12   9
  2  2  2  2  2  2  0  0  1 12   0
 13  0  0  0  0  0  0  0  1 13  77
 11  2  0  0  0  0  0  0 -1 13  42
 10  3  0  0  0  0  0  0 -1 13  89
  9  4  0  0  0  0  0  0 -1 13  83
  8  5  0  0  0  0  0  0 -1 13  90
  7  6  0  0  0  0  0  0 -1 13  87
  9  2  2  0  0  0  0  0  1 13  22
  8  3  2  0  0  0  0  0  1 13  51
  7  4  2  0  0  0  0  0  1 13  47
  6  5  2  0  0  0  0  0  1 13  50
  7  3  3  0  0  0  0  0  1 13  87
  6  4  3  0  0  0  0  0  1 13  99
  5  5  3  0  0  0  0  0  1 13  89
  5  4  4  0  0  0  0  0  1 13  97
  7  2  2  2  0  0  0  0 -1 13  11
  6  3  2  2  0  0  0  0 -1 13  28
  5  4  2  2  0  0  0  0 -1 13  26
  5  3  3  2  0  0  0  0 -1 13  50
  4  4  3  2  0  0  0  0 -1 13  55
  4  3  3  3  0  0  0  0 -1 13  99
  5  2  2  2  2  0  0  0  1 13   5
  4  3  2  2  2  0  0  0  1 13  14
  3  3  3  2  2  0  0  0  1 13  28
  3  2  2  2  2  2  0  0 -1 13   2
 14  0  0  0  0  0  0  0 -1 14 107
 12  2  0  0  0  0  0  0  1 14  61
 11  3  0  0  0  0  0  0  1 14 103
 10  4  0  0  0  0  0  0  1 14 121
  9  5  0  0  0  0  0  0  1 14 105
  8  6  0  0  0  0  0  0  1 14 126
  7  7  0  0  0  0  0  0  1 14 107
 10  2  2  0  0  0  0  0 -1 14  34
  9  3  2  0  0  0  0  0 -1 14  58
  8  4  2  0  0  0  0  0 -1 14  71
  7  5  2  0  0  0  0  0 -1 14  60
  6  6  2  0  0  0  0  0 -1 14  73
  8  3  3  0  0  0  0  0 -1 14 126
  7  4  3  0  0  0  0  0 -1 14 119
  6  5  3  0  0  0  0  0 -1 14 125
  6  4  4  0  0  0  0  0 -1 14 133
  5  5  4  0  0  0  0  0 -1 14 121
  8  2  2  2  0  0  0  0  1 14  18
  7  3  2  2  0  0  0  0  1 14  32
  6  4  2  2  0  0  0  0  1 14  40
  5  5  2  2  0  0  0  0  1 14  34
  6  3  3  2  0  0  0  0  1 14  73
  5  4  3  2  0  0  0  0  1 14  70
  4  4  4  2  0  0  0  0  1 14  76
  5  3  3  3  0  0  0  0  1 14 125
  4  4  3  3  0  0  0  0  1 14 133
  6  2  2  2  2  0  0  0 -1 14   9
  5  3  2  2  2  0  0  0 -1 14  17
  4  4  2  2  2  0  0  0 -1 14  21
  4  3  3  2  2  0  0  0 -1 14  40
  3  3  3  3  2  0  0  0 -1 14  73
  4  2  2  2  2  2  0  0  1 14   4
  3  3  2  2  2  2  0  0  1 14   9
  2  2  2  2  2  2  2  0 -1 14   0
 15  0  0  0  0  0  0  0  1 15 135
 13  2  0  0  0  0  0  0 -1 15  77
 12  3  0  0  0  0  0  0 -1 15 150
 11  4  0  0  0  0  0  0 -1 15 142
 10  5  0  0  0  0  0  0 -1 15 153
  9  6  0  0  0  0  0  0 -1 15 147
  8  7  0  0  0  0  0  0 -1 15 151
 11  2  2  0  0  0  0  0  1 15  42
 10  3  2  0  0  0  0  0  1 15  89
  9  4  2  0  0  0  0  0  1 15  83
  8  5  2  0  0  0  0  0  1 15  90
  7  6  2  0  0  0  0  0  1 15  87
  9  3  3  0  0  0  0  0  1 15 147
  8  4  3  0  0  0  0  0  1 15 169
  7  5  3  0  0  0  0  0  1 15 149
  6  6  3  0  0  0  0  0  1 15 171
  7  4  4  0  0  0  0  0  1 15 165
  6  5  4  0  0  0  0  0  1 15 168
  5  5  5  0  0  0  0  0  1 15 153
  9  2  2  2  0  0  0  0 -1 15  22
  8  3  2  2  0  0  0  0 -1 15  51
  7  4  2  2  0  0  0  0 -1 15  47
  6  5  2  2  0  0  0  0 -1 15  50
  7  3  3  2  0  0  0  0 -1 15  87
  6  4  3  2  0  0  0  0 -1 15  99
  5  5  3  2  0  0  0  0 -1 15  89
  5  4  4  2  0  0  0  0 -1 15  97
  6  3  3  3  0  0  0  0 -1 15 171
  5  4  3  3  0  0  0  0 -1 15 168
  4  4  4  3  0  0  0  0 -1 15 175
  7  2  2  2  2  0  0  0  1 15  11
  6  3  2  2  2  0  0  0  1 15  28
  5  4  2  2  2  0  0  0  1 15  26
  5  3  3  2  2  0  0  0  1 15  50
  4  4  3  2  2  0  0  0  1 15  55
  4  3  3  3  2  0  0  0  1 15  99
  3  3  3  3  3  0  0  0  1 15 171
  5  2  2  2  2  2  0  0 -1 15   5
  4  3  2  2  2  2  0  0 -1 15  14
  3  3  3  2  2  2  0  0 -1 15  28
  3  2  2  2  2  2  2  0  1 15   2
 16  0  0  0  0  0  0  0 -1 16 183
 14  2  0  0  0  0  0  0  1 16 107
 13  3  0  0  0  0  0  0  1 16 178
 12  4  0  0  0  0  0  0  1 16 202
 11  5  0  0  0  0  0  0  1 16 180
 10  6  0  0  0  0  0  0  1 16 210
  9  7  0  0  0  0  0  0  1 16 182
  8  8  0  0  0  0  0  0  1 16 212
 12  2  2  0  0  0  0  0 -1 16  61
 11  3  2  0  0  0  0  0 -1 16 103
 10  4  2  0  0  0  0  0 -1 16 121
  9  5  2  0  0  0  0  0 -1 16 105
  8  6  2  0  0  0  0  0 -1 16 126
  7  7  2  0  0  0  0  0 -1 16 107
 10  3  3  0  0  0  0  0 -1 16 210
  9  4  3  0  0  0  0  0 -1 16 199
  8  5  3  0  0  0  0  0 -1 16 211
  7  6  3  0  0  0  0  0 -1 16 208
  8  4  4  0  0  0  0  0 -1 16 225
  7  5  4  0  0  0  0  0 -1 16 201
  6  6  4  0  0  0  0  0 -1 16 227
  6  5  5  0  0  0  0  0 -1 16 210
 10  2  2  2  0  0  0  0  1 16  34
  9  3  2  2  0  0  0  0  1 16  58
  8  4  2  2  0  0  0  0  1 16  71
  7  5  2  2  0  0  0  0  1 16  60
  6  6  2  2  0  0  0  0  1 16  73
  8  3  3  2  0  0  0  0  1 16 126
  7  4  3  2  0  0  0  0  1 16 119
  6  5  3  2  0  0  0  0  1 16 125
  6  4  4  2  0  0  0  0  1 16 133
  5  5  4  2  0  0  0  0  1 16 121
  7  3  3  3  0  0  0  0  1 16 208
  6  4  3  3  0  0  0  0  1 16 227
  5  5  3  3  0  0  0  0  1 16 210
  5  4  4  3  0  0  0  0  1 16 224
  4  4  4  4  0  0  0  0  1 16 230
  8  2  2  2  2  0  0  0 -1 16  18
  7  3  2  2  2  0  0  0 -1 16  32
  6  4  2  2  2  0  0  0 -1 16  40
  5  5  2  2  2  0  0  0 -1 16  34
  6  3  3  2  2  0  0  0 -1 16  73
  5  4  3  2  2  0  0  0 -1 16  70
  4  4  4  2  2  0  0  0 -1 16  76
  5  3  3  3  2  0  0  0 -1 16 125
  4  4  3  3  2  0  0  0 -1 16 133
  4  3  3  3  3  0  0  0 -1 16 227
  6  2  2  2  2  2  0  0  1 16   9
  5  3  2  2  2  2  0  0  1 16  17
  4  4  2  2  2  2  0  0  1 16  21
  4  3  3  2  2  2  0  0  1 16  40
  3  3  3  3  2  2  0  0  1 16  73
  4  2  2  2  2  2  2  0 -1 16   4
  3  3  2  2  2  2  2  0 -1 16   9
  2  2  2  2  2  2  2  2  1 16   0
