mk_file : completed
mk_array : completed
character table (n =  6)


     1    15    40    90    45   144   120   120    90    40    15
   720    48    18     8    16     5     6     6     8    18    48

     1     1     1     1     1     1     1     1     1     1     1
     1    -1     1    -1     1     1    -1    -1     1     1    -1
     5     3     2     1     1     0     0    -1    -1    -1    -1
     5    -3     2    -1     1     0     0     1    -1    -1     1
     9     3     0    -1     1    -1     0     0     1     0     3
     9    -3     0     1     1    -1     0     0     1     0    -3
    10     2     1     0    -2     0    -1     1     0     1    -2
    10    -2     1     0    -2     0     1    -1     0     1     2
     5    -1    -1     1     1     0    -1     0    -1     2     3
     5     1    -1    -1     1     0     1     0    -1     2    -3
    16     0    -2     0     0     1     0     0     0    -2     0

