the number of playing times
 the number of ... : NP OP TP ToK S F FH FoK SF RF FiveofKinds
 the proportion of one of them

・手札の交換なし
1048576  (No Joker in the deck)
 526081 442404 49906 22352 4059 2036 1480 240 16 2 0
 0.5017099 0.4219093 0.0475941 0.0213165 0.0038710 0.0019417 0.0014114 0.0002289 0.0000153 0.0000019 0.0000000
1048576  (One Joker in the deck)
 475117 464066 45336 50047 7453 2932 2419 1121 72 9 4
 0.4531069 0.4425678 0.0432358 0.0477285 0.0071077 0.0027962 0.0023069 0.0010691 0.0000687 0.0000086 0.0000038
1048576  (2 Jokers in the deck)
 475518 463747 45144 50013 7663 2849 2429 1142 59 8 4
 0.4534893 0.4422636 0.0430527 0.0476961 0.0073080 0.0027170 0.0023165 0.0010891 0.0000563 0.0000076 0.0000038

1048576  (No Joker in the deck)
 525474 442987 50003 22193 4098 2070 1479 254 18 0 0
 0.5011311 0.4224653 0.0476866 0.0211649 0.0039082 0.0019741 0.0014105 0.0002422 0.0000172 0.0000000 0.0000000
1048576  (One Joker in the deck)
 475746 463358 45430 50135 7495 2861 2374 1113 56 4 4
 0.4537067 0.4418926 0.0433254 0.0478125 0.0071478 0.0027285 0.0022640 0.0010614 0.0000534 0.0000038 0.0000038
1048576  (2 Jokers in the deck)
 476092 462983 45309 50095 7507 2881 2454 1174 62 15 4
 0.4540367 0.4415350 0.0432100 0.0477743 0.0071592 0.0027475 0.0023403 0.0011196 0.0000591 0.0000143 0.0000038

・場合の数（有り得る全ての組み合わせ）
2598960  (No Joker in the deck)
 1302540 1098240 123552 54912 10200 5108 3744 624 36 4 0
 0.5011774 0.4225690 0.0475390 0.0211285 0.0039246 0.0019654 0.0014406 0.0002401 0.0000139 0.0000015 0.0000000
2869685  (One Joker in the deck)
 1302540 1268088 123552 137280 20532 7804 6552 3120 180 24 13
 0.4538965 0.4418910 0.0430542 0.0478380 0.0071548 0.0027195 0.0022832 0.0010872 0.0000627 0.0000084 0.0000045
3162510  (2 Jokers in the deck)
 1302540 1456240 123552 219648 30864 10500 9360 9360 324 44 78
 0.4118691 0.4604697 0.0390677 0.0694537 0.0097593 0.0033201 0.0029597 0.0029597 0.0001025 0.0000139 0.0000247

